1.0
1.0
1.0
0.9354838709677419
0.9354838709677419
0.9354838709677419
0.9354838709677419
0.9354838709677419
0.9354838709677419
0.9354838709677419
0.9354838709677419
0.9354838709677419
0.9354838709677419
0.9354838709677419
0.9354838709677419
0.9354838709677419
0.9354838709677419
0.9354838709677419
0.9354838709677419
0.9354838709677419
0.9354838709677419
0.9354838709677419
0.9354838709677419
0.9354838709677419
0.9354838709677419
0.9354838709677419
0.9354838709677419
0.9354838709677419
0.9354838709677419
0.9354838709677419
0.9354838709677419
0.9354838709677419
0.9069767441860465
0.9069767441860465
0.9069767441860465
0.9069767441860465
0.9069767441860465
0.9069767441860465
0.9069767441860465
0.9069767441860465
0.9069767441860465
0.9069767441860465
0.9069767441860465
0.9069767441860465
0.8913043478260869
0.8913043478260869
0.8913043478260869
0.8775510204081632
0.8775510204081632
0.8775510204081632
0.8627450980392157
0.8627450980392157
0.8461538461538461
0.8392857142857143
0.8392857142857143
0.8392857142857143
0.8392857142857143
0.8333333333333334
0.8333333333333334
0.8333333333333334
0.8333333333333334
0.819672131147541
0.8181818181818182
0.8181818181818182
0.8181818181818182
0.8181818181818182
0.8181818181818182
0.8088235294117647
0.8088235294117647
0.8
0.8
0.8
0.8
0.8
0.8
0.8
0.8
0.8
0.8
0.8
0.8
0.8
0.8
0.8
0.8
0.8
0.797752808988764
0.797752808988764
0.797752808988764
0.797752808988764
0.0
1.0
1.0
1.0
1.0
1.0
1.0
1.0
1.0
1.0
1.0
1.0
1.0
1.0
1.0
1.0
1.0
1.0
1.0
1.0
1.0
0.9565217391304348
0.9565217391304348
0.9565217391304348
0.9565217391304348
0.9411764705882353
0.9411764705882353
0.9411764705882353
0.9411764705882353
0.9411764705882353
0.9411764705882353
0.9411764705882353
0.9411764705882353
0.9411764705882353
0.9411764705882353
0.9411764705882353
0.9166666666666666
0.9166666666666666
0.8974358974358975
0.8974358974358975
0.8974358974358975
0.8837209302325582
0.8837209302325582
0.8837209302325582
0.8837209302325582
0.8723404255319149
0.8723404255319149
0.8723404255319149
0.8723404255319149
0.86
0.86
0.86
0.8431372549019608
0.8333333333333334
0.8333333333333334
0.8333333333333334
0.8181818181818182
0.8035714285714286
0.7894736842105263
0.7833333333333333
0.7833333333333333
0.7833333333333333
0.78125
0.78125
0.78125
0.78125
0.7761194029850746
0.7761194029850746
0.7761194029850746
0.7681159420289855
0.7681159420289855
0.7571428571428571
0.7564102564102564
0.7564102564102564
0.7564102564102564
0.7564102564102564
0.7564102564102564
0.7564102564102564
0.7564102564102564
0.7564102564102564
0.7530864197530864
0.7530864197530864
0.7530864197530864
0.7439024390243902
0.7349397590361446
0.7294117647058823
0.7294117647058823
0.0
1.0
1.0
1.0
1.0
1.0
1.0
1.0
1.0
1.0
1.0
1.0
1.0
1.0
1.0
1.0
1.0
1.0
1.0
1.0
1.0
1.0
1.0
1.0
1.0
1.0
1.0
1.0
1.0
1.0
1.0
0.9714285714285714
0.9714285714285714
0.9714285714285714
0.9714285714285714
0.9714285714285714
0.9714285714285714
0.9444444444444444
0.9318181818181818
0.9318181818181818
0.9318181818181818
0.9318181818181818
0.9318181818181818
0.9318181818181818
0.9318181818181818
0.9318181818181818
0.9215686274509803
0.9215686274509803
0.9215686274509803
0.9215686274509803
0.9215686274509803
0.9215686274509803
0.9215686274509803
0.9107142857142857
0.9107142857142857
0.9107142857142857
0.9107142857142857
0.9107142857142857
0.8983050847457628
0.8983050847457628
0.8983050847457628
0.8852459016393442
0.8852459016393442
0.8769230769230769
0.8769230769230769
0.8769230769230769
0.8769230769230769
0.8636363636363636
0.8507462686567164
0.8450704225352113
0.8450704225352113
0.8450704225352113
0.8450704225352113
0.8333333333333334
0.821917808219178
0.8181818181818182
0.8181818181818182
0.8181818181818182
0.8181818181818182
0.810126582278481
0.810126582278481
0.8
0.7901234567901234
0.7857142857142857
0.7857142857142857
0.7857142857142857
0.7764705882352941
0.7674418604651163
0.7613636363636364
0.7613636363636364
0.7528089887640449
0.75
0.75
0.75
0.7419354838709677
0.7340425531914894
0.7263157894736842
0.71875
0.711340206185567
0.7040816326530612
0.696969696969697
0.693069306930693
0.693069306930693
0.6862745098039216
0.6796116504854369
0.6761904761904762
0.6761904761904762
0.6698113207547169
0.0
