0.0
0.010416666977107525
0.02083333395421505
0.02083333395421505
0.03125
0.0416666679084301
0.0520833320915699
0.0625
0.0729166641831398
0.0833333358168602
0.0833333358168602
0.09375
0.1041666641831398
0.1145833358168602
0.125
0.1354166716337204
0.1458333283662796
0.15625
0.1666666716337204
0.1770833283662796
0.1875
0.1979166716337204
0.2083333283662796
0.21875
0.2291666716337204
0.2395833283662796
0.25
0.2604166567325592
0.2708333432674408
0.28125
0.2916666567325592
0.3020833432674408
0.3020833432674408
0.3020833432674408
0.3125
0.3229166567325592
0.3333333432674408
0.34375
0.3541666567325592
0.3645833432674408
0.375
0.3854166567325592
0.3958333432674408
0.40625
0.40625
0.4166666567325592
0.4270833432674408
0.4270833432674408
0.4375
0.4479166567325592
0.4479166567325592
0.4583333432674408
0.4583333432674408
0.4583333432674408
0.46875
0.4791666567325592
0.4895833432674408
0.4895833432674408
0.5
0.5104166865348816
0.5208333134651184
0.5208333134651184
0.5208333134651184
0.53125
0.5416666865348816
0.5520833134651184
0.5625
0.5625
0.5729166865348816
0.5729166865348816
0.5729166865348816
0.5729166865348816
0.5833333134651184
0.59375
0.6041666865348816
0.6145833134651184
0.625
0.6354166865348816
0.6354166865348816
0.6458333134651184
0.65625
0.6666666865348816
0.6770833134651184
0.6875
0.6979166865348816
0.7083333134651184
0.7083333134651184
0.71875
0.7291666865348816
0.7395833134651184
1.0
0.0
0.01149425283074379
0.02298850566148758
0.03448275849223137
0.04597701132297516
0.05747126415371895
0.06896551698446274
0.08045977354049683
0.09195402264595032
0.1034482792019844
0.1149425283074379
0.12643678486347198
0.13793103396892548
0.14942528307437897
0.16091954708099365
0.17241379618644714
0.18390804529190063
0.19540229439735413
0.2068965584039688
0.2183908075094223
0.2183908075094223
0.2298850566148758
0.24137930572032928
0.25287356972694397
0.25287356972694397
0.26436781883239746
0.27586206793785095
0.28735631704330444
0.29885056614875793
0.3103448152542114
0.3218390941619873
0.3333333432674408
0.3448275923728943
0.3563218414783478
0.36781609058380127
0.36781609058380127
0.37931033968925476
0.37931033968925476
0.39080458879470825
0.40229883790016174
0.40229883790016174
0.4137931168079376
0.4252873659133911
0.4367816150188446
0.4367816150188446
0.4482758641242981
0.4597701132297516
0.4712643623352051
0.4712643623352051
0.48275861144065857
0.49425286054611206
0.49425286054611206
0.49425286054611206
0.5057471394538879
0.517241358757019
0.517241358757019
0.517241358757019
0.517241358757019
0.517241358757019
0.5287356376647949
0.540229856967926
0.540229856967926
0.5517241358757019
0.5632184147834778
0.5747126340866089
0.5747126340866089
0.5862069129943848
0.5977011322975159
0.5977011322975159
0.6091954112052917
0.6091954112052917
0.6091954112052917
0.6091954112052917
0.6206896305084229
0.6321839094161987
0.6436781883239746
0.6551724076271057
0.6666666865348816
0.6781609058380127
0.6781609058380127
0.6896551847457886
0.7011494040489197
0.7011494040489197
0.7011494040489197
0.7011494040489197
0.7126436829566956
1.0
0.0
0.008547008968889713
0.017094017937779427
0.025641025975346565
0.03418803587555885
0.04273504391312599
0.05128205195069313
0.05982905998826027
0.0683760717511177
0.07692307978868484
0.08547008782625198
0.09401709586381912
0.10256410390138626
0.1111111119389534
0.11965811997652054
0.12820513546466827
0.1367521435022354
0.14529915153980255
0.1538461595773697
0.16239316761493683
0.17094017565250397
0.1794871836900711
0.18803419172763824
0.19658119976520538
0.20512820780277252
0.21367521584033966
0.2222222238779068
0.23076923191547394
0.23931623995304108
0.24786324799060822
0.24786324799060822
0.25641027092933655
0.2649572789669037
0.2735042870044708
0.28205129504203796
0.2905983030796051
0.2905983030796051
0.2905983030796051
0.29914531111717224
0.3076923191547394
0.3162393271923065
0.32478633522987366
0.3333333432674408
0.34188035130500793
0.3504273593425751
0.3504273593425751
0.3589743673801422
0.36752137541770935
0.3760683834552765
0.38461539149284363
0.39316239953041077
0.4017094075679779
0.4017094075679779
0.41025641560554504
0.4188034236431122
0.4273504316806793
0.43589743971824646
0.43589743971824646
0.4444444477558136
0.45299145579338074
0.45299145579338074
0.4615384638309479
0.4615384638309479
0.470085471868515
0.47863247990608215
0.4871794879436493
0.4871794879436493
0.4871794879436493
0.4871794879436493
0.49572649598121643
0.504273533821106
0.5128205418586731
0.5128205418586731
0.5128205418586731
0.5128205418586731
0.5213675498962402
0.5299145579338074
0.5384615659713745
0.5384615659713745
0.5470085740089417
0.5470085740089417
0.5470085740089417
0.5470085740089417
0.5555555820465088
0.5641025900840759
0.5641025900840759
0.5641025900840759
0.5641025900840759
0.5726495981216431
0.5726495981216431
0.5726495981216431
0.5811966061592102
0.5897436141967773
0.5897436141967773
0.5897436141967773
0.5897436141967773
0.5897436141967773
0.5897436141967773
0.5897436141967773
0.5897436141967773
0.5897436141967773
0.5982906222343445
0.5982906222343445
0.5982906222343445
0.5982906222343445
0.6068376302719116
0.6068376302719116
1.0
